10000 19993
1 2 6303
1 4 1316
2 3 5548
2 5 2511
3 4 9018
3 6 3197
4 5 9536
4 7 435
5 6 7068
5 8 2360
6 7 353
6 9 572
7 8 8357
7 10 9346
8 9 8269
8 11 5733
9 10 3249
9 12 8193
10 11 180
10 13 5304
11 12 7864
11 14 563
12 13 371
12 15 7964
13 14 8320
13 16 5255
14 15 4403
14 17 5711
15 16 6147
15 18 561
16 17 6729
16 19 4200
17 18 9878
17 20 8284
18 19 2253
18 21 2059
19 20 2882
19 22 4829
20 21 2585
20 23 3080
21 22 1786
21 24 6899
22 23 2799
22 25 6046
23 24 9799
23 26 8293
24 25 1058
24 27 7049
25 26 7296
25 28 6339
26 27 8050
26 29 7164
27 28 6090
27 30 2435
28 29 9166
28 31 8719
29 30 1770
29 32 3930
30 31 7400
30 33 9285
31 32 6603
31 34 8685
32 33 7119
32 35 3726
33 34 9096
33 36 3148
34 35 6373
34 37 1103
35 36 2745
35 38 9166
36 37 821
36 39 90
37 38 597
37 40 7060
38 39 1950
38 41 8937
39 40 3743
39 42 142
40 41 5236
40 43 3244
41 42 6125
41 44 710
42 43 1376
42 45 7921
43 44 5071
43 46 1082
44 45 3541
44 47 7012
45 46 992
45 48 6607
46 47 1977
46 49 930
47 48 4527
47 50 6208
48 49 2062
48 51 721
49 50 4788
49 52 3445
50 51 5525
50 53 7102
51 52 8884
51 54 906
52 53 480
52 55 6787
53 54 938
53 56 2451
54 55 3619
54 57 6954
55 56 7723
55 58 9247
56 57 5475
56 59 7506
57 58 6095
57 60 2863
58 59 8227
58 61 2082
59 60 5562
59 62 8130
60 61 99
60 63 2495
61 62 2428
61 64 4462
62 63 5056
62 65 855
63 64 2102
63 66 1062
64 65 7525
64 67 1332
65 66 7328
65 68 9616
66 67 7328
66 69 7229
67 68 8904
67 70 7732
68 69 3636
68 71 3035
69 70 4278
69 72 236
70 71 9204
70 73 3866
71 72 8809
71 74 1608
72 73 9498
72 75 1923
73 74 5064
73 76 9077
74 75 1282
74 77 976
75 76 9453
75 78 8607
76 77 2399
76 79 7207
77 78 3515
77 80 8013
78 79 5912
78 81 5747
79 80 5502
79 82 464
80 81 2793
80 83 4079
81 82 3050
81 84 2299
82 83 1380
82 85 424
83 84 4528
83 86 5831
84 85 7587
84 87 2569
85 86 670
85 88 4853
86 87 8071
86 89 8201
87 88 6259
87 90 3221
88 89 3502
88 91 5729
89 90 9988
89 92 5091
90 91 1626
90 93 3658
91 92 9139
91 94 6520
92 93 8021
92 95 1926
93 94 3302
93 96 2020
94 95 9728
94 97 6766
95 96 9778
95 98 7000
96 97 4950
96 99 2984
97 98 2766
97 100 9533
98 99 5220
98 101 4180
99 100 1177
99 102 729
100 101 373
100 103 2275
101 102 644
101 104 7822
102 103 2226
102 105 6278
103 104 6344
103 106 6952
104 105 821
104 107 6134
105 106 8735
105 108 8136
106 107 607
106 109 6991
107 108 9514
107 110 3767
108 109 7098
108 111 6395
109 110 5955
109 112 5224
110 111 3751
110 113 4365
111 112 3331
111 114 2429
112 113 2948
112 115 5452
113 114 6739
113 116 2130
114 115 807
114 117 6288
115 116 9201
115 118 5501
116 117 6778
116 119 7713
117 118 7311
117 120 655
118 119 3956
118 121 121
119 120 5939
119 122 3078
120 121 1636
120 123 4346
121 122 1273
121 124 83
122 123 5558
122 125 264
123 124 5047
123 126 165
124 125 1329
124 127 1936
125 126 6343
125 128 5215
126 127 5742
126 129 7406
127 128 2452
127 130 8507
128 129 3485
128 131 1036
129 130 8438
129 132 2522
130 131 5127
130 133 6302
131 132 782
131 134 9066
132 133 5079
132 135 2496
133 134 1334
133 136 7260
134 135 1304
134 137 4882
135 136 2580
135 138 8168
136 137 4617
136 139 2738
137 138 3737
137 140 1331
138 139 7925
138 141 9968
139 140 7183
139 142 8512
140 141 4337
140 143 3648
141 142 670
141 144 9973
142 143 3370
142 145 777
143 144 1026
143 146 8476
144 145 7584
144 147 9154
145 146 9245
145 148 9782
146 147 6840
146 149 4530
147 148 8886
147 150 9589
148 149 1148
148 151 8237
149 150 8268
149 152 7238
150 151 1927
150 153 196
151 152 5192
151 154 7065
152 153 1950
152 155 9195
153 154 1992
153 156 162
154 155 849
154 157 4605
155 156 1211
155 158 594
156 157 9160
156 159 8611
157 158 7955
157 160 8182
158 159 5478
158 161 9217
159 160 4450
159 162 2684
160 161 4449
160 163 3946
161 162 658
161 164 9207
162 163 990
162 165 3757
163 164 4262
163 166 1520
164 165 1494
164 167 2324
165 166 6860
165 168 7790
166 167 1834
166 169 6950
167 168 5627
167 170 4461
168 169 6829
168 171 5794
169 170 6159
169 172 2210
170 171 1985
170 173 4925
171 172 3023
171 174 5347
172 173 9562
172 175 4464
173 174 7280
173 176 6107
174 175 5889
174 177 9323
175 176 3384
175 178 8613
176 177 4080
176 179 3855
177 178 1965
177 180 8198
178 179 3925
178 181 2294
179 180 6307
179 182 6540
180 181 9744
180 183 3302
181 182 5367
181 184 1536
182 183 6090
182 185 4343
183 184 3425
183 186 3581
184 185 8980
184 187 7815
185 186 7707
185 188 7999
186 187 9686
186 189 6462
187 188 6776
187 190 2825
188 189 7156
188 191 1994
189 190 6192
189 192 7456
190 191 1306
190 193 9533
191 192 5004
191 194 2115
192 193 9892
192 195 9895
193 194 7242
193 196 9793
194 195 3674
194 197 3546
195 196 4699
195 198 1466
196 197 8104
196 199 4766
197 198 3929
197 200 9161
198 199 8234
198 201 3864
199 200 747
199 202 66
200 201 4810
200 203 5424
201 202 1742
201 204 5350
202 203 6606
202 205 9570
203 204 4879
203 206 4920
204 205 5653
204 207 5776
205 206 7451
205 208 2008
206 207 8373
206 209 1589
207 208 856
207 210 7497
208 209 6591
208 211 8767
209 210 2957
209 212 1987
210 211 3794
210 213 4614
211 212 3239
211 214 3714
212 213 1704
212 215 9848
213 214 9059
213 216 9896
214 215 662
214 217 4256
215 216 5579
215 218 1385
216 217 8419
216 219 5181
217 218 4760
217 220 1476
218 219 772
218 221 727
219 220 5948
219 222 5591
220 221 8651
220 223 2444
221 222 7034
221 224 2659
222 223 6641
222 225 3006
223 224 4937
223 226 3098
224 225 3414
224 227 1170
225 226 6154
225 228 8637
226 227 3008
226 229 2153
227 228 8812
227 230 3003
228 229 3008
228 231 5455
229 230 6686
229 232 3144
230 231 8405
230 233 951
231 232 9407
231 234 6261
232 233 8044
232 235 8217
233 234 9529
233 236 4467
234 235 7653
234 237 3942
235 236 1923
235 238 1219
236 237 8553
236 239 5501
237 238 593
237 240 7038
238 239 4333
238 241 8826
239 240 6662
239 242 7958
240 241 473
240 243 4151
241 242 8018
241 244 5159
242 243 2762
242 245 2614
243 244 5961
243 246 8495
244 245 8117
244 247 9976
245 246 7701
245 248 8246
246 247 3147
246 249 4743
247 248 2913
247 250 126
248 249 1202
248 251 8465
249 250 4049
249 252 6857
250 251 9564
250 253 7112
251 252 3042
251 254 1067
252 253 5909
252 255 6852
253 254 9642
253 256 5781
254 255 1371
254 257 6728
255 256 5938
255 258 1776
256 257 3000
256 259 1710
257 258 30
257 260 4303
258 259 4260
258 261 3622
259 260 4798
259 262 2841
260 261 4094
260 263 9845
261 262 9573
261 264 9508
262 263 6354
262 265 3770
263 264 5831
263 266 8127
264 265 8276
264 267 6928
265 266 1600
265 268 8717
266 267 4858
266 269 3844
267 268 5466
267 270 7835
268 269 3995
268 271 7969
269 270 5496
269 272 4105
270 271 9017
270 273 8057
271 272 3333
271 274 6072
272 273 686
272 275 8540
273 274 8618
273 276 3615
274 275 5122
274 277 4894
275 276 7075
275 278 5792
276 277 8943
276 279 6316
277 278 2721
277 280 7032
278 279 142
278 281 9422
279 280 9213
279 282 7799
280 281 2008
280 283 3424
281 282 2777
281 284 9307
282 283 9427
282 285 1210
283 284 1564
283 286 3551
284 285 5968
284 287 9934
285 286 6762
285 288 4879
286 287 9929
286 289 4154
287 288 2001
287 290 8093
288 289 6393
288 291 4258
289 290 7142
289 292 4952
290 291 4758
290 293 4272
291 292 3231
291 294 9729
292 293 9093
292 295 5384
293 294 1272
293 296 9642
294 295 8251
294 297 3918
295 296 5428
295 298 912
296 297 8462
296 299 2794
297 298 5888
297 300 6094
298 299 8570
298 301 8089
299 300 2766
299 302 6828
300 301 3699
300 303 4211
301 302 9763
301 304 6583
302 303 2529
302 305 6002
303 304 6765
303 306 3907
304 305 828
304 307 4238
305 306 8250
305 308 7937
306 307 2758
306 309 7560
307 308 5884
307 310 9503
308 309 7698
308 311 242
309 310 7908
309 312 582
310 311 5148
310 313 4313
311 312 1382
311 314 6144
312 313 3819
312 315 1767
313 314 9143
313 316 920
314 315 7484
314 317 4002
315 316 6300
315 318 927
316 317 9854
316 319 2692
317 318 8196
317 320 3580
318 319 4398
318 321 4202
319 320 7912
319 322 906
320 321 5343
320 323 8894
321 322 9211
321 324 842
322 323 7751
322 325 5415
323 324 4270
323 326 1521
324 325 9687
324 327 1951
325 326 9436
325 328 6298
326 327 6596
326 329 1
327 328 6955
327 330 3650
328 329 3894
328 331 7748
329 330 3159
329 332 4752
330 331 1335
330 333 3331
331 332 264
331 334 1688
332 333 2497
332 335 1922
333 334 9524
333 336 5929
334 335 4996
334 337 7753
335 336 3474
335 338 35
336 337 594
336 339 9804
337 338 3657
337 340 740
338 339 2447
338 341 6053
339 340 8216
339 342 1593
340 341 2708
340 343 1368
341 342 9594
341 344 2966
342 343 7855
342 345 4420
343 344 612
343 346 5860
344 345 4966
344 347 3359
345 346 2304
345 348 8836
346 347 6497
346 349 871
347 348 705
347 350 9242
348 349 5890
348 351 1139
349 350 5573
349 352 2655
350 351 9379
350 353 3428
351 352 5919
351 354 1562
352 353 2015
352 355 7119
353 354 9116
353 356 5093
354 355 7942
354 357 4346
355 356 2040
355 358 7258
356 357 6508
356 359 620
357 358 1051
357 360 740
358 359 1365
358 361 1439
359 360 2874
359 362 3295
360 361 2137
360 363 3835
361 362 8934
361 364 189
362 363 8947
362 365 3418
363 364 9298
363 366 3301
364 365 8864
364 367 9320
365 366 9547
365 368 5772
366 367 7717
366 369 3197
367 368 7760
367 370 2655
368 369 3151
368 371 7466
369 370 5797
369 372 5795
370 371 3825
370 373 3428
371 372 6314
371 374 5229
372 373 6155
372 375 7203
373 374 9982
373 376 4545
374 375 5746
374 377 1439
375 376 4512
375 378 4838
376 377 8092
376 379 4447
377 378 2190
377 380 5518
378 379 9332
378 381 6504
379 380 2090
379 382 2426
380 381 6267
380 383 191
381 382 1991
381 384 5813
382 383 9536
382 385 1652
383 384 3122
383 386 3661
384 385 285
384 387 4307
385 386 4250
385 388 8712
386 387 6912
386 389 2278
387 388 6517
387 390 1606
388 389 2165
388 391 7912
389 390 321
389 392 8143
390 391 1800
390 393 2973
391 392 8457
391 394 9619
392 393 3428
392 395 5855
393 394 3906
393 396 220
394 395 1108
394 397 8738
395 396 2102
395 398 3357
396 397 3223
396 399 6194
397 398 915
397 400 234
398 399 4353
398 401 3969
399 400 7172
399 402 8072
400 401 9115
400 403 3506
401 402 3669
401 404 9104
402 403 1389
402 405 5508
403 404 4692
403 406 829
404 405 2124
404 407 3182
…